[views/simple_halo_example]
version = 7.1.2
modtime = 1539016249.013868000

[views/halo_doc]
version = 7.1.2
modtime = 1539028631.721198000
