[views/simple_halo_example]
version = 7.1.2
modtime = 1539092679.582180000

[views/halo_doc]
version = 7.1.2
modtime = 1539028631.721198000

[views/presidential_election_2016]
version = 7.1.2
modtime = 1539092649.888250000
